10011_DYRK_Y321_IYQY[+80]IQSR	1024_ISPK1_S369_TPKDS[+80]PGIPPSANAHQLFR	1078_ARM2_S87_RNS[+80]SEASSGDFLDLK	1130_HSPC216_S321_LPLVPES[+80]PRR	1142_CTG26_S956_ANAS[+80]PQKPLDLK	12_KIAA0701_S935_SMS[+80]VDLSHIPLKDPLLFK	1458_OCIA_S108_LENS[+80]PLGEALR	1503_PDK1_S241_ANS[+80]FVGTAQYVSPELLTEK	151_ABI1_S184_TNPPTQKPPS[+80]PPMSGR	1797_WDR20_S465_SNS[+80]LPHSAVSNAGSK	1811_MAP4_S2218_VGS[+80]LDNVGHLPAGGAVK	1953_RBM17_S222_S[+80]PTGPSNSFLANMGGTVAHK	2328_IQGAP3_S1424_S[+80]LTAHSLLPLAEK	2577_C9orf88_S692_AAPEAS[+80]SPPASPLQHLLPGK	290_TMSL3_S2_S[+122]DKPDM[+16]AEIEKFDK	290_TMSL3_S2_S[+122]DKPDMAEIEKFDK	2948_CLTA_S105_LQS[+80]EPESIR	296_AP1GBP1_S1075_SLS[+80]LGDKEISR	3013_ZC3H14_S515_DLVQPDKPAS[+80]PK	3145_PFKF_S386_S[+80]FAGNLNTYKR	3169_KIAA0217_S601_SPS[+80]PAHLPDDPKVAEK	3340_HAT1_S361_RLIS[+80]PYKK	343_RP11-373M8.1-002_S397_HRPS[+80]PPATPPPK	3435_MAP3K7_S439_S[+80]IQDLTVTGTEPGQVSSR	3555_BRD4_S1117_IHS[+80]PIIR	3604_KIAA0722_S556_LHS[+80]APNLSDLHVVRPK	3738_KIF4_S801_TFS[+80]LTEVR	38_DBP2_S103_LLEDS[+80]EESSEETVSR	381_C22orf9_S247_SLVGS[+80]WLK	3995_BRAF_S446_TLGRRDS[+80]SDDWEIPDGQITVGQR	4000_FOSL2_S200_S[+80]PPAPGLQPM[+16]R	4000_FOSL2_S200_S[+80]PPAPGLQPMR	4054_JUND_S100_LAS[+80]PELER	4262_RPL12_S38_IGPLGLS[+80]PK	4317_CAIN_S1012_TPS[+80]IQPSLLPHAAPFAK	4343_DDX48_S12_A[+42]TTATM[+16]ATSGS[+80]AR	4343_DDX48_S12_A[+42]TTATMATSGS[+80]AR	4382_LAP2_S306_HAS[+80]PILPITEFSDIPR	4474_BAT2_S1219_LIPGPLS[+80]PVAR	4499_FAS_S207_LGM[+16]LS[+80]PEGTC[+57]K	4499_FAS_S207_LGM[+16]LS[+80]PEGTC[+57]K	4499_FAS_S207_LGMLS[+80]PEGTC[+57]K	4499_FAS_S207_LGMLS[+80]PEGTC[+57]K	461_FAM76B_S193_ISNLS[+80]PEEEQGLWK	4724_OK/SW-cl.2_S235_RRLS[+80]SLR	5003_AHNAK_S3426_VSMPDVELNLKS[+80]PK	5073_PAK2_S2_S[+122]DNGELEDKPPAPPVR	5473_MAPKAPK1A_S230_KAYS[+80]FC[+57]GTVEYM[+16]APEVVNR	5473_MAPKAPK1A_S230_KAYS[+80]FC[+57]GTVEYMAPEVVNR	5653_ZNF672_S189_IHVSRS[+80]PTRPR	5715_C17orf85_S500_RPHS[+80]PEKAFSSNPVVR	6108_ATAD2_S327_KPNIFYSGPAS[+80]PARPR	6244_KIAA1321_S652_NDS[+80]WGSFDLR	6267_My038_S1179_LEVTEIVKPS[+80]PK	628_CASC3_S265_YGS[+80]PPQRDPNWNGER	6423_AD029_S105_QDDS[+80]PPRPIIGPALPPGFIK	6550_CCNYL1_S344_SFS[+80]ADNFIGIQR	6582_NFATC2IP_S204_TEFLDLDNSPLSPPS[+80]PR	6588_KIAA1991_S403_VLS[+80]PLIIK	6615_TB7_S44_AGS[+80]PDVLR	6696_DDX54_S75_LGPGRPLPTFPTSEC[+57]TS[+80]DVEPDTR	6776_A2D_S339_QGSGRES[+80]PSLASR	6797_AGS1_S224_LAAPSVSHVS[+80]PR	6902_BAF45D_S142_VDDDS[+80]LGEFPVTNSR	6927_BAF155_S310_NEEPVRS[+80]PERR	6930_FUBP2_S480_LFIIRGS[+80]PQQIDHAK	6978_CIN85_S230_S[+80]IEVENDFLPVEK	7094_C13orf8_S405_TAPTLS[+80]PEHWK	7161_RBM14_S618_RLS[+80]ESQLSFRR	7168_ALS2_S483_RLS[+80]LPGLLSQVSPR	7173_CAT53_S313_VLS[+80]PTAAKPSPFEGK	7210_HCA90_S774_SSDQPLTVPVS[+80]PK	7240_HBXAP_S473_FYETKEESYS[+80]PSKDR	7365_KIAA1844_S64_SDS[+80]PENKYSDSTGHSK	7518_KIAA1734_S515_S[+80]IPLSIK	7710_CDW2_S121_RLS[+80]QSDEDVIR	7829_ANLN_S295_ATS[+80]PVKSTTSITDAK	7849_NANS_S275_ALGS[+80]PTKQLLPC[+57]EMAC[+57]NEK	7934_PP8000_S203_YLLGDAPVS[+80]PSSQK	8115_LRWD1_S212_ANS[+80]PEKPPEAGAAHKPR	8123_EPLIN_S362_SEVQQPVHPKPLS[+80]PDSR	8124_EPLIN_S491_ETPHS[+80]PGVEDAPIAK	8209_GPATC8_S1035_SQS[+80]PHYFR	8380_HSPC075_S353_TQLWASEPGT[+80]PPLPTSLPSQNPILK	8487_MAP3K2_S163_DRS[+80]SPPPGYIPDELHQVAR	8498_THRAP3_S253_SPALKS[+80]PLQSVVVR	8541_NOC2L_S56_SPDKPGGS[+80]PSASRR	8567_DCAF1_S999_HLPS[+80]PPTLDSIITEYLR	8879_BAT2D1_T2675_AFGSGIDIKPGT[+80]PPIAGR	8982_EMK1_T597_ST[+80]FHAGQLR	901_SLC38A1_S52_S[+80]LTNSHLEKK	920_BAT2D1_S1546_SFS[+80]SQRPVDR	9285_CDC2_T161_VYT[+80]HEVVTLWYR	9379_LAP2_T160_SST[+80]PLPTISSSAENTR	9553_KIAA0035_T611_LQTPNT[+80]FPKR	9561_PLEC1_T3893_QIT[+80]M[+16]EELVR	9561_PLEC1_T3893_QIT[+80]MEELVR	9940_HSPC075_T1492_ALPQT[+80]PRPR
10011_DYRK_Y321_IYQY[+80]IQSR	1	0.307461704810308	0.0908487486213809	0.199783827335365	0.283232238629345	0.0322603030306152	0.191658472288851	0.219507231736447	0.133834127724517	0.18738870496433	0.436192319875247	0.257088244840078	0.01544245348274	0.223394591293933	0.0554646817261955	0.0888867718775473	0.0481134751173599	0.331838206888034	0.246808612155008	0.236163808408197	0.114446318766951	0.132151462510755	0.178326324580736	0.0673860193818311	0.187882105135615	0.0707378434236433	0.182596944352445	0.163227356550546	0.0895739615881369	0.0117732737440286	0.0426229746826139	0.239895660980932	0.0734461842484732	0.0463620416823729	0.100733567166392	0.0946181833558301	0.0995579196613991	0.33824110762326	0.29612110273385	0.0134964861152256	0	0.0747758368267977	0	0.340939195885457	0.0270651935177299	0.0573309885187361	0.0838618986342912	0.140189908381187	0.365352174031669	0.227137533875913	0.388551562713707	0.221385089706086	0.313093375592294	0.0890398368023331	0.481462085981754	0.190047475887256	0.0463555572343325	0.059596775020982	0.0642368209594531	0.278513988465583	0.0398476596934532	0.0153605582863601	0.120033643987255	0.0910370549170755	0.132178206817236	0.104166631768527	0.268266575273099	0.0527235853190441	0.0765778174094206	0.278932164864688	0.086873600844059	0.00307473259012336	0.0792748163376607	0.00632788478076682	0.0454876725763498	0.254719217650117	0.0860101754895956	0.190479402910811	0.168217365224719	0.15998137024681	0.210184221782767	0.375194865305159	0.665296898075765	0.133858019503327	0.189931306340768	0.106863277552816	0.0698847784186289	0.244434096092425	0.035408731945654	0.0699528237339074	0.0784565071424498	0.429976673203269	0.0883984731651516	0.261796959476306	0.344912773276382	0.129717490511591	0.0562306517068571	0.0123045985794236
1024_ISPK1_S369_TPKDS[+80]PGIPPSANAHQLFR	0.307461704810308	1	0.0105980057903538	0.0780727442970086	0.05624511288712	0.0773239695527391	0.045065772194531	0.140376595292421	0.403441359666557	0.287083516916691	0.158988969411037	0.05856778655573	0.222442192427283	0.0285436767495273	0.0745845212532097	0.195552817157261	0.121344860404536	0.435248877401858	0.215891368062324	0.0822266709531618	0.189471201104195	0.0297088565233311	0.0649578702782098	0.0397937984942544	0.220488432835335	0.0781524253251496	0.332172165761178	0.0630652797069228	0.298241235478731	0.215901416206832	0.0170299563732804	0.0280614529113328	0.0353666585063699	0.239196111173151	0.0363204702463868	0.0551221697345175	0.222383926913064	0.279420443362994	0.0256333093805731	0.0614058416420836	0	0.0937522470233586	0	0.0360296772348022	0.109511640916021	0.296841723213211	0.168790818304626	0.0413986794883633	0.386731451831539	0.0891038350641973	0.407250257006481	0.182212830489613	0.0649042368118145	0.147509841206595	0.271514234368071	0.295661222510187	0.208477436522977	0.22990128828311	0.114625930919712	0.26217749482725	0.198503996824107	0.0989803176625769	0.101790180328523	0.0326755602598523	0.0665135246347467	0.14464671307854	0.209038021024919	0.123526804691929	0.114463319908049	0.109469885189485	0.0328250113702642	0.286541176593488	0.275634216143219	0.0649246490928316	0.171324311177632	0.148274593963725	0.143030000214991	0.0599556407475503	0.307162467810589	0.334642883351707	0.0108922927282528	0.221222573358218	0.198267792241533	0.124634036377559	0.0687997353003229	0.137140642290341	0.0324896129118534	0.0472514975696892	0.198146461231716	0.299454832233838	0.0544189054976064	0.143973152917129	0.0936171793005312	0.0960360432882226	0.110579170271225	0.0479635753560099	0.172081923347302	0.0100836457548325
1078_ARM2_S87_RNS[+80]SEASSGDFLDLK	0.0908487486213809	0.0105980057903538	1	0.241203337359727	0.128401360513502	0.205052617045685	0.137091165130203	0.106491795586686	0.116579630840274	0.240438554657583	0.0912813450850836	0.0620727227402446	0.187810950742087	0.0661073055531469	0.0887200975483252	0.31515192083703	0.173690657993062	0.25655216922365	0.303136138135765	0.111679018959605	0.149672186847286	0.13537507341484	0.135553293166483	0.313719403612283	0.154493891194631	0.236027988945439	0.156801719574373	0.0861141910120398	0.152630669215927	0.142605167229247	0.0414223697125108	0.0264602174428473	0.109673969357268	0.238656403144673	0.11663614910479	0.0710499401216188	0.285611773006881	0.133854595770206	0.0997575247111557	0.402487704708321	0	0.187217332236648	0	0.22685666559212	0.109812919478922	0.104255434617568	0.512841700925326	0.0509205130982336	0.0136053176763218	0.132436951210396	0.236419900158821	0.159358244858555	0.0117742924954126	0.0674581024301378	0.0659914220711431	0.0649673263285275	0.137457442645792	0.111673131386297	0.186069997881953	0.186571545499162	0.0440198112666757	0.111306166889518	0.0485008216436908	0.24046486941867	0.0208313057851029	0.092643929698318	0.174926359021165	0.282786932861594	0.137055285236079	0.0658565344334758	0.0339191918461148	0.287882016156299	0.0532264696628215	0.154220466935268	0.00772919005780982	0.0261051498302729	0.060232789820312	0.0763582131623362	0.205079469547309	0.0733138012974399	0.213144012933656	0.0479677655852471	0.0273840719119867	0.234310852169153	0.00169032666921488	0.125850140233662	0.0323798556901291	0.112010567933623	0.014566228752851	0.0872119390781252	0.0952330012382614	0.193693565321908	0.0115840139491128	0.1443735382867	0.281343584280375	0.0233547221474166	0.0179778231179522	0.0126843400377194
1130_HSPC216_S321_LPLVPES[+80]PRR	0.199783827335365	0.0780727442970086	0.241203337359727	1	0.101793590055426	0.011019060756069	0.0381782725572841	0.237822949095454	0.197150188829604	0.270741938746861	0.225771900845797	0.0814556352509608	0.111078441816591	0.0116029118894556	0.181591870514051	0.185919006663413	0.0501732883338537	0.148239758831031	0.360954321592407	0.388893154272831	0.0902107770036771	0.0448572221815433	0.300792074626172	0.147245569812083	0.0983117485682439	0.194742943322219	0.445766397364248	0.12011347965892	0.330709881650564	0.151155294399782	0.176907002831978	0.152952158983989	0.122561717201934	0.29067583259104	0.10731332633704	0.0468109826629391	0.20937206302065	0.297297082525225	0.273944663723876	0.235460468418561	0	0.268204033800422	0	0.0114018584794867	0.102806106853804	0.12173534242339	0.401505149756365	0.20761293956462	0.295701353557778	0.0574597536173176	0.0697415054974317	0.313063923363457	0.0148759142785668	0.0459391346529763	0.263905183663788	0.324923010197357	0.0609641412719452	0.036900950450298	0.199780735893145	0.357438689312624	0.120526566374233	0.168195437495263	0.193741557865016	0.184415722609931	0.0977367034853637	0.0958183302978178	0.17864759564605	0.461842880936642	0.0983852056631363	0.00181489947745339	0.0175195405204312	0.410701456170221	0.0321946921841561	0.0755800409985996	0.0676890190044316	0.0545161122609766	0.0346269686696333	0.247485867457015	0.241212453059633	0.168194971011984	0.0738840339462978	0.0428351112988302	0.289426850830616	0.0500066956043922	0.0824771388210026	0.288141247590962	0.0466397763913609	0.0483248318197402	0.227158303125012	0.0030040270959108	0.28732537525798	0.115053125155354	0.00123774511203558	0.43152528908847	0.0374323194249344	0.000250788181810327	0.0637078001998472	0.108800722354997
1142_CTG26_S956_ANAS[+80]PQKPLDLK	0.283232238629345	0.05624511288712	0.128401360513502	0.101793590055426	1	0.169115649128984	0.223788155659414	0.0169265039799754	0.091219478491532	0.242865227109433	0.306890270852009	0.227725610459738	0.190344545724512	0.190922032918745	0.0144325699690592	0.283521851298351	0.19491169970004	0.176658939211262	0.191890637706838	0.154879357350931	0.312257162062794	0.231840212404546	0.149909721012937	0.164142401730682	0.129187830541955	0.112219010000942	0.0845997188909186	0.252269860117744	0.0423347094646346	0.0986645046093585	0.123268859689057	0.210497170159233	0.170097434396785	0.257115784227769	0.422340829046775	0.0160723286437702	0.0324158477695295	0.143653975915358	0.171112401857083	0.211038798160951	0	0.0926327451565864	0	0.448534725044214	0.0521598569242446	0.159421036894845	0.362533840006827	0.0637820571543778	0.061549576827516	0.144673062264391	0.115650084261794	0.382297554882971	0.435952316714785	0.191777786123569	0.0404816721252819	0.123562707548541	0.0228308029068594	0.124355238870809	0.250318608407607	0.237159442875869	0.0115282669327724	0.266014726687995	0.490716742934215	0.026005459892008	0.0869874784329309	0.0785030258276255	0.135803060408125	0.135077583950664	0.291978539960596	0.375473566663097	0.278568422008569	0.116240319288963	0.183626590067361	0.116126975112527	0.211602853851577	0.165749457407872	0.163331415538784	0.00421861512893332	0.22043333625729	0.111088802475081	0.190880091586131	0.246782649759136	0.315896168802848	0.0161457149974601	0.0259880785198626	0.15290060326923	0.134899174846403	0.108056480740695	0.285302964180942	0.0421494512332686	0.124977341129103	0.243729820243322	0.148058475758929	0.06378263224801	0.303001355105959	0.0253345438721521	0.0550369167898674	0.0564228919575493
12_KIAA0701_S935_SMS[+80]VDLSHIPLKDPLLFK	0.0322603030306152	0.0773239695527391	0.205052617045685	0.011019060756069	0.169115649128984	1	0.0924556068561949	0.037892175085487	0.129889079629397	0.092256539022505	0.022089282738326	0.0357350883526521	0.0300779703496892	0.0590292503547512	0.104711234467607	0.0965174460335296	0.0582385927822362	0.0576929336656778	0.19490248070632	0.0676018029765021	0.0549590329162094	0.164768971774399	0.061149287999235	0.183316081643458	0.151406908392846	0.0849950209158373	0.00288026450540853	0.066718871057907	0.0417362951017571	0.121327725244937	0.00563867328799424	0.0294699655426099	0.0908154485590305	0.0304691299757909	0.0875857189369833	0.04491964692249	0.0600695298152182	0.0350971762762398	0.1348252804734	0.166746173385746	0	0.0894087370610987	0	0.127424968802053	0.142336388973099	0.0709351462956171	0.170133122077339	0.0161450214763504	0.10183994826426	0.0810228293555594	0.032346900522977	0.0682418564909846	0.0986041607165048	0.0855943389649404	0.180834620751903	0.0671189713050741	0.106591722505281	0.130493299012777	0.0403612817684702	0.220921182509847	0.0856866865629214	0.0839428571982018	0.0468605141216095	0.0800499987584852	0.0113489590670036	0.0815388613395368	0.166667237990461	0.0522027910061178	0.0537310050426324	0.0152504678095097	0.0338903802310262	0.0732605223323549	0.125862483357923	0.125384671531848	0.122422810009888	0.0372124896037808	0.0722249181505072	0.0608098790801133	0.0322420295947366	0.0879597360980918	0.156348733261465	0.0344672449820158	0.030921638464618	0.0751314527743153	0.142001160733947	0.000258467971286203	0.0569187718056287	0.0165729607268026	0.0113471901486604	0.0341031166763839	0.0103304518173826	0.0282722273283372	0.0209833487331993	0.126593914203457	0.104400598398077	0.120587812693973	0.0137389811755518	0.0638234288694799
1458_OCIA_S108_LENS[+80]PLGEALR	0.191658472288851	0.045065772194531	0.137091165130203	0.0381782725572841	0.223788155659414	0.0924556068561949	1	0.0990377989376188	0.104224058633021	0.243568636762843	0.083797839798634	0.0251608102347447	0.0171357451816227	0.0604238502689539	0.000975203394432843	0.00560446537916736	0.0706788180069751	0.000195145281872474	0.00680257766673552	0.19631416916699	0.0715013013322691	0.0660964211909092	0.247795699715647	0.0889177195219356	0.0990034219642603	0.118223419515763	0.149969764036132	0.165491814964287	0.0372448120253935	0.0468715536228928	0.0906633186603279	0.0784184124203337	0.138492060384749	0.0275242602486449	0.189236020345335	0.144934316175429	0.115652020518118	0.28933387358176	0.0161715516732336	0.0107891573527842	0	0.113904006004449	0	0.146564728797559	0.0593542492608244	0.1974927426284	0.182168652522673	0.0333712190967753	0.00407141350452871	0.124470919040406	0.106933399667016	0.0928314215139844	0.257579465322004	0.07032677648128	0.0191813897453804	0.184325763909472	0.120376991530743	0.0179969574010871	0.0341862471526389	0.0405520750434267	0.00578254810513078	0.199320964757578	0.184466530195844	0.0642124327434661	0.037613852477645	0.161582067183822	0.0736991081187254	0.0210132747186831	0.158184217617785	0.20980512886125	0.26198049865674	0.149166868668062	0.147602647147941	0.0348278450056143	0.0807621980839883	0.0544096421697423	0.00562831760837223	0.131117867321134	0.0898789662017423	0.10212037148076	0.0224654050226346	0.00880903866215773	0.14693880241178	0.150624281239515	0.0652158713405694	0.065645055375845	0.17958633709713	0.0246671055162824	0.0604177935533745	0.0798509214003048	0.0827782931835674	0.0842152168297522	0.146595491064181	0.0318246883865408	0.0332866560823375	0.0416638746616252	0.0418233880134267	0.0803126642944824
1503_PDK1_S241_ANS[+80]FVGTAQYVSPELLTEK	0.219507231736447	0.140376595292421	0.106491795586686	0.237822949095454	0.0169265039799754	0.037892175085487	0.0990377989376188	1	0.0181855921244119	0.464519253475579	0.012953068258992	0.0220210537389883	0.0399594273728507	0.0463936075832272	0.0800944213656629	0.173422916848297	0.0939663599817932	0.311722702483765	0.21386680043051	0.438607829382926	0.035462081605384	0.13671138291317	0.141860096909723	0.112235570966029	0.262214195584632	0.153364424922883	0.129910232526593	0.0872417567228365	0.162607382849903	0.001416621290966	0.0425009972904325	0.0326251556377997	0.158655934207715	0.0728870003492283	0.00256496251997562	0.0638196246564979	0.0117321017928265	0.0837214132049604	0.0284870448951723	0.21347896008144	0	0.126341892487945	0	0.0726281475479146	0.119790014832137	0.350322892482436	0.0781896409199918	0.0341358616342337	0.25895406950932	0.166965341225822	0.0455190527536844	0.173340645621473	0.0535514595959183	0.29798582293469	0.183359659414843	0.121387952548462	0.0807024995967732	0.175590074625272	0.0302572889501576	0.334460830863314	0.27694163299141	0.107133973413573	0.0873684847137396	0.109476813590641	0.180016465647264	0.0906790892098535	0.0779400665272124	0.248819838062358	0.0941642558781766	0.178949598792339	0.16900912945562	0.0409171258463933	0.292097407885976	0.0793629225925438	0.116918276744609	0.00334796226693591	0.119377169912141	0.410313739662558	0.16837136808768	0.0518183232108319	0.00248260366302218	0.145659361274828	0.196424712656439	0.233484469668955	0.0781256937255752	0.158238783886054	0.00500508500546609	0.0252164599146884	0.10143396526316	0.27054130387227	0.0493065477879779	0.154836029921747	0.0420209987852053	0.319843979116598	0.0984592780283868	0.0797141211922049	0.0337012956619713	0.114323563499486
151_ABI1_S184_TNPPTQKPPS[+80]PPMSGR	0.133834127724517	0.403441359666557	0.116579630840274	0.197150188829604	0.091219478491532	0.129889079629397	0.104224058633021	0.0181855921244119	1	0.000727456403224067	0.0126652053389485	0.0627696871955976	0.332263632277135	0.249371532579908	0.0991980812410025	0.229676119836268	0.0605588978860025	0.218698365199748	0.277002846876842	0.0887201972361188	0.418002174604263	0.0468796884420536	0.271262222075622	0.126032485533368	0.091407190053907	0.157364921102706	0.275301265388137	0.00172056254217631	0.341617931571476	0.191311586027196	0.00496807844583551	0.0878589637495341	0.02719308092769	0.197884246979333	0.00900162768720623	0.202812724295869	0.369909470036074	0.251112822670842	0.251611067514463	0.299100572200409	0	0.148394691185487	0	0.061041735110988	0.0315618373608503	0.0327930745291513	0.217241206560044	0.0814342058723252	0.191366305446313	0.112797075240395	0.431328136197693	0.0234456531953647	0.016982461915197	0.0711026672047427	0.156197313859293	0.460966995805415	0.1169900393982	0.0358333583874229	0.197683233122691	0.189385584773216	0.10970413123519	0.101160496354952	0.080278893384121	0.0728745553370516	0.15499680288129	0.266734112082434	0.181377658783915	0.0463967748511841	0.0212287946627382	0.132089546056675	0.33214572795055	0.397260618227356	0.20787907633122	0.0103358480344487	0.215310361346918	0.0907106236792724	0.0121380174230687	0.366367160004042	0.0328241772206503	0.530507942564003	0.346390336728534	0.0524180112469744	0.101874774264988	0.291976414475813	0.0916142937173868	0.125773008846837	0.0418278520412911	0.154846626748604	0.185362229415383	0.194453420204102	0.0836772574428429	0.0874057381009815	0.189787500174658	0.0601009984736604	0.149405083963422	0.160863429301072	0.0212957894316527	0.125185453384478
1797_WDR20_S465_SNS[+80]LPHSAVSNAGSK	0.18738870496433	0.287083516916691	0.240438554657583	0.270741938746861	0.242865227109433	0.092256539022505	0.243568636762843	0.464519253475579	0.000727456403224067	1	0.15787527551027	0.00539962692956384	0.0356412490271101	0.0178147600541619	0.0530952284615874	0.124943936530934	0.0395131253022683	0.391474645280326	0.264045482285561	0.439052506928348	0.113253232812524	0.0274876062263068	0.244583546518171	0.0979450909210876	0.253655327814776	0.139793692761116	0.00346243697177424	0.00398166796132313	0.146069262596701	0.101282133347106	0.0689762742970761	0.0563929707149482	0.0226956389665269	0.0605192892359252	0.128580071953926	0.11590235975951	0.0311276807079727	0.12335392511213	0.0516976932628928	0.0849451675461145	0	0.0122464716676528	0	0.130193309181949	0.180665825883705	0.46373578612263	0.0144364820742743	0.0132984477078002	0.145836231741151	0.188142782610753	0.000208857386760466	0.0008234972088031	0.168090580371468	0.315528315257542	0.186975091109294	0.122688135074328	0.113653139970465	0.284895059199248	0.141067409397144	0.208485605850818	0.313215127224995	0.0670672142372955	0.13363103856954	0.0325547579961586	0.100222362911519	0.0842456875043978	0.0668577948966493	0.252674458429184	0.0655438042347925	0.0633884041824467	0.361803378400181	0.0908779969292767	0.302385006661153	0.0525975549172353	0.272641637749946	0.0308175512704629	0.191039030316283	0.312193394173234	0.391049503259708	0.0764741162721088	0.0898821670486236	0.0394951380064028	0.3136647839401	0.103742748094101	0.0414193258742371	0.193389251224475	0.0753699047558149	0.0634188287780061	0.178662729830712	0.215806129878579	0.0833304451066342	0.154394558036852	0.0399627229463795	0.278184003239049	0.108748463187796	0.192944716300829	0.178272838532603	0.2538377812663
1811_MAP4_S2218_VGS[+80]LDNVGHLPAGGAVK	0.436192319875247	0.158988969411037	0.0912813450850836	0.225771900845797	0.306890270852009	0.022089282738326	0.083797839798634	0.012953068258992	0.0126652053389485	0.15787527551027	1	0.316882955398671	0.0731974914387744	0.277040106654693	0.147973072876743	0.0354590207928363	0.123801546411533	0.405109330072251	0.24823550954092	0.254793618363817	0.0240906014119406	0.242909377497755	0.129461065294079	0.146482300865915	0.200939998695932	0.207679914052049	0.240562568881618	0.101297096102951	0.255525450176187	0.138849438069031	0.0962243142785154	0.219090724749819	0.0953775937008839	0.0639604555419398	0.191098788962834	0.142371435753489	0.0562073660136347	0.427199422671645	0.336715162233725	0.0333119276592339	0	0.0489377459053145	0	0.426244579680195	0.0893302119984818	0.108086631091274	0.0517747691557221	0.184529801437698	0.375713602892732	0.255466302699547	0.296721058236887	0.204803900399257	0.31030874893616	0.0645025785948575	0.362509933973382	0.197447513457841	0.0808677967343237	0.0212153909012043	0.150724171462833	0.158561900083424	0.0388423378451129	0.0386406930473855	0.0517949643903287	0.0397054686516507	0.00328689062059878	0.235049007650382	0.482852317467359	0.0369116194508043	0.114306930054818	0.231090487925836	0.286449664643621	0.148271184746296	0.0881754566433516	0.030035576556294	0.0330257188723296	0.0311389923085225	0.1340917329202	0.0409337606363914	0.0486297468973901	0.229876332031259	0.15149358553177	0.294743576450723	0.519099528430884	0.0868730036526474	0.0939925573707487	0.0928673169415474	0.0727108377288708	0.081268961920705	0.0807573662233571	0.0515157499699598	0.102057261020969	0.364518862564887	0.182539369533751	0.192772055833901	0.278323691915395	0.0935517683753743	0.143077055541529	0.256414480396102
1953_RBM17_S222_S[+80]PTGPSNSFLANMGGTVAHK	0.257088244840078	0.05856778655573	0.0620727227402446	0.0814556352509608	0.227725610459738	0.0357350883526521	0.0251608102347447	0.0220210537389883	0.0627696871955976	0.00539962692956384	0.316882955398671	1	0.0700313586152835	0.213531703432205	0.000473549637327695	0.15397574405014	0.0261804568872625	0.300708230413205	0.154279768391841	0.0769464105012966	0.0942503580116105	0.00536655446470534	0.134767063231936	0.0570333731527049	0.232482240360044	0.0419426478592067	0.107579251095218	0.0597068475475847	0.0824545729292123	0.0974052266490917	0.0535060854129915	0.327496900387264	0.0938280223813111	0.0126884526108171	0.0634530370307415	0.014728372192515	0.0179965588397135	0.176764203425545	0.276352153639444	0.0884987553532987	0	0.116684636769806	0	0.315960634001893	0.0658496656639912	0.0157250120736348	0.144675083821134	0.0676093320742364	0.136645393599963	0.129265252250339	0.123115834355082	0.221009578904521	0.239207550068063	0.0855384578874592	0.152074162303731	0.0329055117117276	0.0704562994729004	0.0703723905457416	0.144343465619201	0.19806032650176	0.196184103180047	0.087868231864456	0.165647935019205	0.063084454193027	0.083349393126708	0.0270744253296613	0.197767492547453	0.0357371033619593	0.0532713077213847	0.0763057242025746	0.121477365752904	0.0327795076319579	0.0854014286258463	0.118156308585377	0.0785523743590718	0.0236162066912745	0.00886182782887375	0.0379665178088229	0.0930868985214177	0.116075419684395	0.0352845817063107	0.200151718101028	0.362188593951593	0.00478025198708481	0.00603884382499244	0.0426850342274719	0.00132137691033601	0.200257117084077	0.0517816980536869	0.032656670906554	0.0234985866344258	0.221591859479749	0.0729729441893451	0.178451655787137	0.158136298225037	0.00640012876132161	0.057267828845434	0.183216382593936
2328_IQGAP3_S1424_S[+80]LTAHSLLPLAEK	0.01544245348274	0.222442192427283	0.187810950742087	0.111078441816591	0.190344545724512	0.0300779703496892	0.0171357451816227	0.0399594273728507	0.332263632277135	0.0356412490271101	0.0731974914387744	0.0700313586152835	1	0.199102274310288	0.0208182289088128	0.204521520287187	0.0588180013298602	0.10127744180924	0.309183907771045	0.0985171911768477	0.400443776931187	0.0445587884189959	0.077287404666349	0.117254146563964	0.199863932492385	0.202396457156349	0.292984076545811	0.0637589123291184	0.286524022517255	0.108582047421769	0.0973346807216837	0.0305518438433974	0.129814108714794	0.154652195837566	0.161702263480308	0.0236568872879033	0.199306501731629	0.162895982735743	0.162318743024747	0.204927246257343	0	0.127196630525692	0	0.0873441080041096	0.0798139290793001	0.0220786539500637	0.287134396292254	0.0780999801561545	0.206488419254257	0.0240029040993501	0.19446381554549	0.0787767743285575	0.080026779307595	0.0766213047203649	0.191009901037433	0.305301065224525	0.0200754593353812	0.144031136744517	0.11855419158696	0.275183442683235	0.120491851597802	0.220073437226511	0.0145837381932018	0.0928648109819957	0.0542270816468062	0.190888899772514	0.0975803071247213	0.0825036851237451	0.0990132686317372	0.0288728946110592	0.14039532823108	0.211272245987325	0.199833546479129	0.116972594953613	0.206555203767736	0.00959503063196786	0.0446304625348713	0.163673019660313	0.0549009742756504	0.358241084494621	0.229323192258631	0.0155623849057079	0.0555963480800622	0.220524138512879	0.0260809197033735	0.0772748095681267	0.0811120768207563	0.103706898630415	0.220576201232436	0.0970926755419208	0.0941906267530591	0.0389378664735374	0.163307767972725	0.149706020446433	0.12091677966172	0.00891728894873129	0.0934562263816939	0.13292865671682
2577_C9orf88_S692_AAPEAS[+80]SPPASPLQHLLPGK	0.223394591293933	0.0285436767495273	0.0661073055531469	0.0116029118894556	0.190922032918745	0.0590292503547512	0.0604238502689539	0.0463936075832272	0.249371532579908	0.0178147600541619	0.277040106654693	0.213531703432205	0.199102274310288	1	0.130497523642017	0.0791539721638937	0.120926711350825	0.14120399836621	0.0550592770612599	0.022757251444073	0.209587985890097	0.0564298244934966	0.0884743333083886	0.0320553111285796	0.000812609231969258	0.133859464055858	0.0736725428756615	0.0370840223151962	0.0182112702616432	0.157556664243885	0.0972499791345218	0.208613099618227	0.0451123737068402	0.0879382227703246	0.117208427239863	0.248589931105629	0.259284186982385	0.0776556308759039	0.291394685004452	0.114292949061283	0	0.00918051813645147	0	0.212557352970596	0.0368429774408891	0.0458639747716009	0.0410055534363305	0.0162514168056822	0.0740182954310355	0.0286578478430599	0.0370424158885943	0.170775248445873	0.200132125850156	0.152156371664191	0.146591733223268	0.164682120777208	0.0180430033381131	0.0746056134627109	0.197843572733389	0.00897188888796237	0.0277249825274213	0.00761745680787239	0.000966241959895879	0.031829183671546	0.00282293104401031	0.0918223542232104	0.0692328916045668	0.0308154656443956	0.145888254528376	0.145284833274477	0.120424127424418	0.18849791067363	0.00606423164231449	0.0651999489787714	0.131262892811829	0.101336014735198	0.0908360883374321	0.0949330115618011	0.12509743346652	0.167929823698411	0.297350655957105	0.139692885903966	0.252591324989953	0.259469282912671	0.0239204425894631	0.0627198586117935	0.0401157361822298	0.16632446299116	0.129444930514154	0.0183062865839432	0.0970852987258164	0.272342015561576	0.043695003511024	0.00221248837878296	0.269582143037131	0.0571077984331643	0.0380638063346718	0.029156220957655
290_TMSL3_S2_S[+122]DKPDM[+16]AEIEKFDK	0.0554646817261955	0.0745845212532097	0.0887200975483252	0.181591870514051	0.0144325699690592	0.104711234467607	0.000975203394432843	0.0800944213656629	0.0991980812410025	0.0530952284615874	0.147973072876743	0.000473549637327695	0.0208182289088128	0.130497523642017	1	0.423325810664201	0.099495563807106	0.129774231866848	0.0172446742214561	0.0281183329574253	0.0649497391458035	0.104877317290299	0.033600941748173	0.0369558312959771	0.022775788181876	0.0553995286807345	0.063123407816876	0.032552912598667	0.199466256387333	0.251143914254448	0.183666992736455	0.0265269024133123	0.00115659580070941	0.09628131052116	0.0617228550866352	0.110127945001108	0.068637005918926	0.240681495154728	0.0735722886921044	0.0219842425009077	0	0.0285366171113985	0	0.0255095037497045	0.159555016647769	0.0682268749248515	0.330115488891382	0.0671478021313176	0.182875752052818	0.116836514237915	0.140899608670772	0.315586174475678	0.0621431202404587	0.180362790094076	0.0245646339446853	0.127421082368956	0.181164657603106	0.166191602441287	0.180945093471265	0.0398674553798569	0.093119431368472	0.0330013348298143	0.047231141474503	0.164244539119985	0.0860214070302669	0.176277797767755	0.00961626628876332	0.100621430050463	0.019913985699866	0.0157847646571314	0.188692574295605	0.162002484270965	0.131938461823354	0.025742954100468	0.0621496321052716	0.044998636930601	0.0622079129802102	0.0897901528655197	0.0118343622834838	0.0451591907571891	0.164567563162228	0.050044918208979	0.0401765654031067	0.0352004637882797	0.022445794045736	0.131654895313932	0.266213775450772	0.037138772813202	0.0407695558646325	0.0467952595342763	0.000257749023192222	0.018575991130503	0.0470336027336917	0.00601682998409319	0.0602341052791228	0.0881870446903251	0.176550539161105	0.212943661124308
290_TMSL3_S2_S[+122]DKPDMAEIEKFDK	0.0888867718775473	0.195552817157261	0.31515192083703	0.185919006663413	0.283521851298351	0.0965174460335296	0.00560446537916736	0.173422916848297	0.229676119836268	0.124943936530934	0.0354590207928363	0.15397574405014	0.204521520287187	0.0791539721638937	0.423325810664201	1	0.147606630552151	0.0977956385394393	0.207692573093916	0.00221829152016009	0.244116497239892	0.0699039985740862	0.00740729447252931	0.146369393981973	0.04084789801295	0.225653711289787	0.124638193373672	0.106472188553358	0.288076986606452	0.361403812551693	0.0136610420277126	0.162247957022232	0.0597632523395537	0.150948395113534	0.0836210934581077	0.0425026510290134	0.28893985383053	0.30362997121407	0.0707370099067279	0.327231388397031	0	0.181838519340256	0	0.346910277055819	0.0638467366422623	0.105724275204251	0.604856162001921	0.0100220415959637	0.150419578768608	0.179649316252762	0.155004761882481	0.284516122099112	0.0979119656991798	0.219438585310734	0.0965263845710051	0.161626884367443	0.18867905996331	0.287543317481037	0.159806153530903	0.106835718008929	0.298468839734756	0.114428280566909	0.0189738106368403	0.263270431243204	0.0857464417922867	0.146432147720987	0.149481360856499	0.103914128048094	0.13074915490715	0.0580485483831876	0.176975329482759	0.312217780477863	0.224035419657733	0.110462898873786	0.13714476612446	0.0502113517826829	0.0493185435783667	0.0121028732699322	0.0888065180121224	0.107032901246877	0.162424503256963	0.0219665749035743	0.23012196749929	0.0815761275607259	0.0885801850329506	0.295722754396171	0.0742714669507567	0.0277332853058705	0.0593924569387668	0.0988098110267088	0.0346981087787232	0.173449005441014	0.0592636985011978	0.0376150628379621	0.233499949695607	0.000748638746531536	0.133732241532193	0.258537943096454
2948_CLTA_S105_LQS[+80]EPESIR	0.0481134751173599	0.121344860404536	0.173690657993062	0.0501732883338537	0.19491169970004	0.0582385927822362	0.0706788180069751	0.0939663599817932	0.0605588978860025	0.0395131253022683	0.123801546411533	0.0261804568872625	0.0588180013298602	0.120926711350825	0.099495563807106	0.147606630552151	1	0.0104919658687847	0.148151265346801	0.0974884984557502	0.00681931306806143	0.116449684751756	0.143138023944707	0.086428785310934	0.036463521914474	0.160616181599431	0.137687013796618	0.119623562718539	0.0168550129380208	0.234710480213275	0.0193135470274305	0.0696268250359646	0.0705771261018607	0.0183340670855582	0.0812096368913674	0.00625384558756878	0.141189977869719	0.0972132809955788	0.117875171175769	0.146666108460227	0	0.0689202501277264	0	0.165591724506623	0.0961263917758992	0.0221236418563042	0.219615342742503	0.0316681442283017	0.134329449151099	0.0913309513264553	0.00796300592141136	0.1315351448112	0.034357117630246	0.0399201101021444	0.00135660646322414	0.00410296464858691	0.13726700917334	0.236414207272903	0.0465061224041034	0.0701316857663699	0.0831084699263601	0.0496785773390277	0.0730807588230639	0.0196625478372565	0.00550208710663499	0.0486529906698165	0.117148170402825	0.0969493586241438	0.0126228488167145	0.120115415788025	0.0729573516384979	0.00149132066755387	0.0807625404830321	0.182635160877847	0.0229737421148818	0.0365203345432199	0.100038641382377	0.0113533626986658	0.109806967649407	0.0454706519205992	0.0754675744182823	0.123737445758321	0.0364430284665765	0.207984171084875	0.124239225012062	0.0267528129579896	0.033055442452494	0.0397405131713682	0.0802331171426681	0.0502955188924856	0.0152635888319799	0.0977144327083695	0.0357973752842137	0.0761440313922649	0.0356737877803872	0.0238531033417314	0.0477225981574138	0.122680058056982
296_AP1GBP1_S1075_SLS[+80]LGDKEISR	0.331838206888034	0.435248877401858	0.25655216922365	0.148239758831031	0.176658939211262	0.0576929336656778	0.000195145281872474	0.311722702483765	0.218698365199748	0.391474645280326	0.405109330072251	0.300708230413205	0.10127744180924	0.14120399836621	0.129774231866848	0.0977956385394393	0.0104919658687847	1	0.0931647829063352	0.0386167872707344	0.146250820628626	0.204406649967797	0.0552421374183063	0.109447049473622	0.042361666321459	0.0763277346607322	0.376389718205407	0.188777068120825	0.426399489150049	0.0152675689491658	0.120870372888832	0.241618303687618	0.123413795736604	0.150263856481967	0.0889788205579007	0.120949157154949	0.0673876986592727	0.292209210402202	0.238219774740068	0.052281788846496	0	0.145114524792714	0	0.193119065399131	0.0573523043066663	0.284007195638802	0.0792138032885872	0.170215691583861	0.494878458981414	0.0448507126161703	0.421724660521596	0.31799922836471	0.176760476995815	0.258826048323377	0.215070753002994	0.265461865415891	0.0887198548081928	0.180048668453848	0.026420415322886	0.0881852272954608	0.29583359021019	0.0423613368713185	0.0953092342326678	0.0353356002662985	0.0239294567061186	0.155098639338394	0.471200664038379	0.0792624000630354	0.0138153515994723	0.221351469026964	0.0676956777019223	0.225764810714889	0.358904394356422	0.0135581184882707	0.179581762583869	0.126974331318239	0.0918937599849145	0.0302501538193547	0.304302833081734	0.255488582663515	0.0293931169233089	0.290377759562057	0.30460926261979	0.00257102891552111	0.0207178479790574	0.116666204467098	0.000371734420071844	0.0313078951377046	0.147824299919871	0.231444228683844	0.03761855505312	0.186574822350876	0.239667637003554	0.0273391473777593	0.309695378571361	0.0350480635465403	0.124084077435917	0.001661200645562
3013_ZC3H14_S515_DLVQPDKPAS[+80]PK	0.246808612155008	0.215891368062324	0.303136138135765	0.360954321592407	0.191890637706838	0.19490248070632	0.00680257766673552	0.21386680043051	0.277002846876842	0.264045482285561	0.24823550954092	0.154279768391841	0.309183907771045	0.0550592770612599	0.0172446742214561	0.207692573093916	0.148151265346801	0.0931647829063352	1	0.295708947128529	0.408881213338862	0.181797038383633	0.295405694016593	0.0986894088561358	0.517849956827191	0.36162001492452	0.4201553095636	0.0264919525081364	0.292766842824488	0.0349066516494899	0.0192301052544629	0.04709503475335	0.0557134179650192	0.235056479630983	0.110867867462568	0.116585865649143	0.218989897347074	0.309027233432941	0.01951804908072	0.324681610200203	0	0.347856566977012	0	0.0365604390615881	0.0913006879335948	0.160672327210583	0.443154310281585	0.183696653735703	0.146801432634416	0.116639674913685	0.244771519697208	0.149398654285486	0.0906882253975708	0.16797885902277	0.384274674679171	0.27421353290653	0.101749310677352	0.0850304751450951	0.00898331794418649	0.649396873048431	0.0740618515584277	0.107108702516273	0.0750127053122994	0.145659224876141	0.105418707147933	0.170953320575672	0.0574812963625703	0.240911324599401	0.212081491677729	0.0723087499645297	0.287850452933333	0.37145452280991	0.318028213802827	0.0273329862323514	0.0834611051881957	0.0418630253339561	0.1577167220838	0.308950613646532	0.0334497962459829	0.473943887558223	0.341170025035962	0.217330150220845	0.293511412188845	0.21833290285849	0.0487953191973312	0.0802361283880049	0.0650068525032013	0.058662921616903	0.201183828198002	0.119198982277912	0.00715159179118315	0.13199542813666	0.0907126444028216	0.468531955212901	0.232067615223728	0.152921567912583	0.0438719175695446	0.294455020331867
3145_PFKF_S386_S[+80]FAGNLNTYKR	0.236163808408197	0.0822266709531618	0.111679018959605	0.388893154272831	0.154879357350931	0.0676018029765021	0.19631416916699	0.438607829382926	0.0887201972361188	0.439052506928348	0.254793618363817	0.0769464105012966	0.0985171911768477	0.022757251444073	0.0281183329574253	0.00221829152016009	0.0974884984557502	0.0386167872707344	0.295708947128529	1	0.0773301884482275	0.00200433095110586	0.246544122951439	0.0319890843830334	0.305776516131243	0.0945013073021862	0.259113349808347	0.00947696030576797	0.119011236611948	0.173725507392168	0.0408642538755369	0.0686439531805775	0.165981392580387	0.133329092835018	0.0124168369494254	0.0642556245106451	0.117210509559087	0.157140567002474	0.190453001821484	0.21564312215697	0	0.253365588845278	0	0.224044202050153	0.175529314720656	0.327924017984202	0.0511981440156785	0.0584725977184812	0.0815932481950846	0.18831780690069	0.112381660331841	0.0667590354981973	0.0595103439242802	0.302979736384718	0.211955022562308	0.395773013083792	0.230125869585657	0.183749901898501	0.109986003891081	0.354978200979992	0.132749547052348	0.0734678817205694	0.089962217187791	0.067754641855231	0.101394526770644	0.238900617630565	0.108980127690858	0.379538954616555	0.0450238535662936	0.0937584258428328	0.23068701951417	0.297221904617415	0.148107700555114	0.0834834947017971	0.0659308912950988	0.0646114821274901	0.188417872897678	0.344999855625806	0.174767135972495	0.103436785347094	0.108196453316553	0.134580806088726	0.29633136893578	0.0862870078886357	0.158628467314847	0.0132325709683148	0.0828536126947784	0.0233380149260765	0.0850402835990951	0.238252688369988	0.150955494925732	0.209703005927358	0.11283829605486	0.461916963129679	0.0256788087960065	0.189076489987669	0.0251850932194669	0.190820301591617
